1607.55586654
1678.59297654
1791.67703654
1848.69849654
1935.73052654
1992.75198654
2121.79457654
2258.85348654
2389.89397654
2492.90316654
2549.92462654
2680.96511654
2809.06007654
2924.08701654
3052.14559654
3181.18818654
3344.25151654
3401.27297654
3502.32065654
3688.39996654
3817.44255654
3874.46401654
4060.54332654
4188.60190654
4325.66081654
4488.72414654
4591.73333654
4648.75479654
4776.84975654
4891.87669654
5020.91928654
5123.92847654
5252.02343654
5408.12454654
5594.20385654
5757.26718654
5920.33051654
6067.39892654
6182.42586654
6285.43505654
6399.47798654
6585.55729654
6700.58423654
6815.61117654
6914.67958654
7077.74291654
7192.76985654
7293.81753654
7408.84447654
7523.87141654
7651.92999654
7708.95145654
7822.03551654
7935.11957654
8048.20363654
8135.23566654
8234.30407654
8397.36740654
8544.43581654
8700.53692654
8886.61623654
8989.62542654
9117.72038654
9273.82149654
9401.91645654
9504.92564654
9633.02060654
9732.08901654
9803.12612654
9989.20543654
10136.2738465
10233.3266065
10330.3793665
10431.4270465
10617.5063565
10746.5489465
10883.6078565
11011.6664365
11148.7253465
11235.7573765
11349.8003065
