902
78 579
60 27
799 680
52 162
519 503
458 171
221 241
538 691
264 435
117 121
6 10
20 54
32 151
118 122
1 669
132 593
102 663
58 734
333 650
870 427
562 198
31 375
680 795
406 440
135 307
563 186
169 166
183 81
323 336
411 13
8 1
854 419
479 300
315 493
452 77
510 416
39 49
615 301
445 289
136 78
750 555
46 9
593 690
763 574
602 632
550 686
1 2
869 291
144 37
15 141
252 542
689 668
25 202
807 432
167 61
164 100
6 13
27 13
163 325
235 416
59 26
484 120
459 220
33 212
389 53
337 253
218 879
24 6
27 242
150 532
356 313
102 54
415 163
523 611
120 41
798 518
388 368
582 321
171 94
403 556
74 576
803 637
808 589
45 794
263 183
574 701
146 48
400 564
397 578
97 28
516 833
648 537
38 418
729 150
348 402
847 386
21 22
596 630
393 895
358 27
11 215
606 467
727 400
603 248
79 134
112 680
699 539
68 486
539 244
46 87
643 476
81 38
685 893
259 106
165 288
201 260
305 95
694 409
82 29
677 515
10 19
585 652
197 219
57 17
364 186
564 721
4 99
313 538
629 432
229 471
51 475
837 469
16 38
849 398
789 545
28 546
308 47
259 369
18 234
55 504
76 13
856 12
306 210
44 649
79 14
541 569
10 173
514 226
275 198
696 284
21 143
9 709
111 22
244 318
513 457
461 221
235 4
488 27
193 28
685 713
420 754
631 111
534 365
206 664
187 739
532 889
130 557
68 516
103 304
113 50
34 125
278 72
167 553
11 157
52 199
225 819
21 443
130 280
490 173
150 2
98 432
369 899
36 292
496 220
528 247
343 344
894 858
481 614
684 516
386 184
548 291
92 637
167 366
69 293
8 43
219 257
683 676
301 296
279 864
80 597
46 51
85 89
316 583
768 115
380 796
603 647
192 508
1 63
168 43
590 886
747 202
457 511
101 40
102 195
332 535
133 153
478 85
104 75
402 700
880 38
785 882
43 891
190 262
314 547
22 92
876 328
62 30
58 355
472 846
581 299
46 177
427 448
172 62
331 296
44 814
174 160
117 93
453 450
1 357
189 489
367 636
66 20
250 40
92 197
297 214
46 609
156 4
29 628
10 338
2 4
28 90
790 455
32 800
349 673
126 209
50 7
270 217
53 80
341 87
283 43
94 617
433 774
341 492
340 414
127 884
173 410
733 600
71 580
382 212
365 357
138 184
641 86
10 45
316 91
536 26
850 150
351 77
251 328
620 70
571 191
862 297
285 145
216 425
14 176
688 557
859 160
441 150
551 693
477 594
123 24
162 624
322 114
718 29
4 128
147 3
8 724
688 775
72 39
59 139
150 654
273 268
506 223
77 130
670 524
46 163
428 29
50 254
741 150
555 186
228 238
813 46
60 140
31 161
14 218
210 112
53 16
494 666
354 591
213 163
838 431
607 188
147 809
226 147
310 544
161 605
551 326
191 201
705 381
155 430
208 102
788 533
166 635
26 702
142 96
868 364
403 160
605 834
284 7
167 467
836 691
237 265
825 652
88 62
131 35
34 20
204 313
512 214
67 205
408 171
9 7
826 24
48 114
258 368
473 5
7 634
116 14
610 832
53 237
815 501
388 558
29 48
461 751
16 17
175 374
584 73
773 730
723 603
11 20
409 59
756 583
391 267
70 672
408 426
692 577
44 64
15 13
523 230
111 138
885 32
16 29
419 517
449 410
740 780
72 361
231 149
377 291
19 112
186 41
703 596
412 15
137 51
783 362
327 39
35 10
94 545
18 1
466 195
406 395
130 757
255 63
94 12
2 6
274 295
64 110
612 268
45 487
498 83
106 719
34 56
230 444
94 95
660 126
453 480
759 326
640 391
35 329
218 277
328 687
557 627
179 129
18 37
596 657
659 267
184 314
797 657
609 883
473 667
500 388
353 195
186 248
97 817
565 40
661 353
755 528
211 104
11 12
743 470
659 720
302 744
708 805
782 486
158 70
127 47
442 427
47 831
590 898
681 764
77 227
517 541
890 260
830 228
6 16
193 310
294 456
109 64
106 276
407 639
46 472
65 27
7 792
1 841
320 599
863 120
575 154
31 515
236 573
419 301
54 239
164 601
192 125
575 804
586 141
520 481
395 248
6 73
346 446
752 242
802 320
348 90
89 115
417 256
469 9
682 742
281 165
246 158
860 277
398 399
633 662
85 16
287 284
75 681
262 529
437 223
40 15
170 83
23 20
149 191
561 452
477 444
872 518
653 594
129 665
18 52
762 403
55 100
71 152
656 438
509 188
651 256
447 136
218 820
142 897
223 98
106 781
760 680
502 255
620 865
671 576
740 230
191 427
867 262
448 572
233 81
711 468
313 791
381 365
97 413
210 343
144 454
3 206
91 189
801 740
151 166
842 292
873 570
245 282
476 354
266 41
196 151
858 368
301 737
204 468
499 264
698 534
22 47
874 117
266 525
107 74
401 102
73 877
222 264
392 116
61 236
364 434
150 222
485 41
289 118
444 704
78 135
585 297
385 131
405 364
448 888
77 41
621 347
145 76
400 245
464 306
58 55
843 254
857 480
39 181
2 7
333 616
500 902
93 697
785 109
602 436
522 289
397 373
433 457
608 102
166 187
429 397
62 495
214 144
271 33
305 887
150 540
58 360
32 74
319 323
333 194
95 349
18 901
240 229
748 154
278 708
359 373
337 844
545 678
203 141
51 840
128 866
224 201
600 518
246 848
61 32
358 595
121 824
44 268
637 758
291 4
455 344
521 260
71 3
350 27
896 432
526 268
154 175
35 154
878 727
810 383
745 389
148 35
749 434
24 286
35 105
394 290
65 118
207 738
96 43
326 501
162 674
363 761
483 322
60 124
194 258
458 818
527 66
106 98
770 394
70 311
272 81
482 577
347 98
13 26
300 64
53 274
30 11
320 274
684 778
42 28
881 791
150 194
684 735
397 625
766 177
554 458
103 393
353 481
753 324
26 36
274 390
79 668
78 48
324 16
334 286
330 286
41 497
461 835
335 206
537 475
108 35
793 445
470 409
73 439
445 462
342 237
692 746
14 216
755 861
80 198
185 9
41 16
550 364
182 200
57 69
126 113
319 221
839 371
247 16
900 84
23 655
567 357
50 70
530 29
433 179
395 494
261 77
189 207
855 119
11 31
256 309
812 37
43 303
21 644
68 384
23 44
321 219
226 590
6 21
84 57
310 619
642 426
96 267
30 67
465 216
732 698
507 588
221 243
189 633
381 829
354 64
777 529
104 568
253 55
23 149
875 793
560 365
256 163
334 378
215 404
716 254
204 124
225 249
379 715
632 646
675 585
638 265
133 74
381 816
779 706
543 404
587 137
4 28
111 290
230 566
98 682
199 784
360 362
252 29
260 296
346 282
334 851
9 25
242 552
168 618
119 83
428 596
326 153
414 685
4 11
174 771
40 75
180 171
218 524
725 477
332 322
557 852
352 148
533 43
438 395
372 182
176 592
166 424
151 503
129 109
111 178
520 610
16 679
279 229
547 714
14 2
423 72
769 393
122 132
56 450
294 246
806 797
39 244
598 480
828 321
83 7
231 251
22 299
231 245
396 74
722 35
244 822
206 712
445 507
224 589
531 518
217 155
93 92
767 623
154 420
153 451
600 604
795 823
367 195
159 363
50 221
16 32
549 34
366 371
25 33
5 1
407 304
392 570
218 298
623 73
204 460
84 505
359 8
345 281
3 1
68 67
559 404
339 220
340 97
474 146
717 419
188 27
225 99
55 695
380 371
182 421
613 16
165 115
730 462
230 27
173 232
92 482
387 57
85 91
765 582
269 11
367 811
844 845
85 159
827 543
821 585
736 37
376 294
622 611
112 626
786 311
121 317
74 190
394 676
574 342
13 39
178 229
289 853
379 110
658 188
383 202
370 96
