14113.1216138
2099.14745188
2156.16891188
2212.23151188
2342.24822188
2343.27200188
2471.36696188
2479.30713188
2592.39119188
2600.40955188
2699.47796188
2723.43168188
2812.56202188
2852.47427188
2949.62093188
2980.56923188
3093.65329188
3096.68934188
3224.69378188
3259.75267188
3339.72072188
3346.78470188
3442.72991188
3459.86876188
3573.77040188
3645.94807188
3687.81333188
3746.99575188
3801.85626188
3894.06416188
3964.91959188
4023.10675188
4111.98800188
4179.20786188
4227.01494188
4276.26062188
4333.28208188
4342.04188188
4446.36614188
4470.13684188
4517.40325188
4567.18960188
4645.49821188
4666.25801188
4759.54114188
4767.30569188
4858.60955188
4895.40065188
4989.65004188
4998.40984188
5145.75115188
5184.48915188
5202.77261188
5312.58411188
5358.87372188
5369.60557188
5426.62703188
5473.90066188
5554.72199188
5572.96907188
5668.76492188
5674.01675188
5815.83333188
5821.08516188
5914.90174188
5934.16922188
5971.92320188
6071.22813188
6100.96579188
6186.25507188
6229.06075188
6300.09786188
6372.33438188
6401.14554188
6504.15473188
6528.43549188
6603.22314188
6642.47842188
6716.30720188
6743.52610188
6815.37561188
6890.59451188
6962.44402188
7019.63710188
7093.48451188
7150.67759188
7222.52710188
7297.74600188
7369.59551188
7396.81441188
7470.64319188
7509.89847188
7584.68612188
7608.96688188
7711.97607188
7740.78723188
7813.02375188
7884.06086188
7926.86654188
8012.15582188
8041.89348188
8141.19841188
8178.95239188
8198.21987188
8292.03645188
8297.28828188
8439.10486188
8444.35669188
8540.15254188
8558.39962188
8639.22095188
8686.49458188
8743.51604188
8754.24789188
8800.53750188
8910.34900188
8928.63246188
8967.37046188
9114.71177188
9123.47157188
9217.72096188
9254.51206188
9345.81592188
9353.58047188
9446.86360188
9467.62340188
9545.93201188
9595.71836188
9642.98477188
9666.75547188
9771.07973188
9779.83953188
9836.86099188
9886.10667188
9933.91375188
10001.1336119
10090.0148619
10148.2020219
10219.0574519
10311.2653519
10366.1258619
10425.3082819
10467.1735419
10539.3512119
10653.2528519
10670.3917019
10766.3369119
10773.4008919
10853.3689419
10888.4278319
11016.4322719
11019.4683219
11132.5523819
11163.5006819
11260.6473419
11300.5595919
11389.6899319
11413.6436519
11512.7120619
11520.7304219
11633.8144819
11641.7546519
11769.8496119
11770.8733919
11900.8901019
11956.9527019
12013.9741619
